resolution:
  width: 640
  height: 480

exposure: -10
fps: 30

intrinsic_matrix:
  - [229.53214543, 0, 322.49195729]
  - [0, 229.39758169, 228.03407764]
  - [0, 0, 1]

distortion_coefficients:
  - [-0.13428436, 0.31066182, -0.35867337, 0.1338705]

camera_topic_name: "/camera/image_raw"

undistorted_camera_topic_name: "/camera/undistorted_image_raw"